1083588137903771648
1055141070860881922
1070531202434646016
1080649861152821248
1065703838617882625
1051970869294129154
1057439928735412224
1082988355531481088
1051560048974069760
1071119457035022336
1055893403173564420
1081983063826096129
1067356326634954752
1062602926370091008
1067099630658297856
1063063778521219072
1092826993538859008
1082419194895962112
1055345311974150144
1052426116936454145
1052257793963683840
1053917230000414720
1056654543365332995
1070223274557075457
1083236362457731072
1081947319107575809
1081966033966190593
1073606583760969728
1074728600836980737
1067855648107503616
1080199095719911424
1074835550266380290
1065911643887058946
1089906108246970371
782667602728476672
1086728003625930759
1053200420313747456
1085015261789458432
1055607496725934080
1076844808545669120
1067859588840660992
1087208824182919168
1078716016144859136
1058871447190417408
1080341604416843777
1052580150318116864
1081626147379691522
1065235891323457536
1059347069339615233
1063677094977249280
1088871021673889793
1052999395673812992
1055463563551227904
1078253581382402050
1090428967394267136
1052243244854243329
1075021407673876480
1064599045434429440
1058048051091304448
1064618585224556544
1065082040180244481
1082638576083443712
1065992029954547712
1066220787609231361
1066338786987073538
1052916288551571456
1061947879072415750
1055401424639668224
1076211111437971457
1078537143499272192
1076163998834454530
1090867864377147392
1077783633941925888
1055474811504336896
1087780071857741824
1091499164947476480
1055770413756637185
1079743260405391361
1076288019630571520
1079375357025882113
1062066353400614912
1056093106616049664
1061721093180923909
1052481036582498304
1051881095581589505
1065025345408172032
1079908342556852224
1077704842469171200
1052423325400608768
1065964864848322560
1058422039290228736
1059262077804691456
1087047463813500931
1055583908132118528
1078025154901561351
1056933991863865344
1080154884132036609
1069830544228265984
1088088327423774720
1057678890649423872
1054113877171097600
1076809507592986624
1055870712127389696
1053752748678832128
1028159074305630208
1090548706250760192
1070408392487985152
1057640735627976705
1067903465119260672
1055834716971122688
1055696710276710400
1063621715769491456
1086467753861677056
1082672608401940480
1077102027094802432
1051886407453675521
1067038106405273602
1054895531162591232
1055388876502642688
1063227838927695872
1088846324609490945
1063823213417906176
1062269959613558784
1089961459109580806
1052416933226778624
1088591304278376448
1053193475720708097
1063871910323339264
1093565469615943680
1066044946141114368
1070751613072097280
1067551609045975040
1063117674862002177
1093200990730362880
1064107695467200512
1076964015144718336
1076775955585290241
1069379301315883008
1087164449335652353
1063843361365417984
1076514375752695808
1086897111243862016
1062020749613916161
1078786634924085249
1075896689809068032
1078665862733803520
1062855810277994496
1077604796385894406
1066882747413790720
1071449459282796544
1055541427902578688
1081295860678475776
1055238882193797120
1087322260770295809
1066317393499054080
1059727758383693825
1061763942538772483
1067036061958852608
1058686413858856960
1084160439871778817
1057348913848496128
1088846381958250496
1052591723124277248
1055130481824538624
1079821257535832069
1093185710297960455
1078805193003802624
1054281266948984832
1078949166032801793
1092353855113748480
1055914628260093953
1077800226864488449
1075564998360006657
1074734983070265344
1062960385828028417
1088133789350535173
1081393451856465920
1056112710402932737
1090992779826774016
1052272476972077056
1079966727843270657
1081116502579994624
1067098361826668545
1061576530999021570
1063908225744015360
1059347718760488960
1070560584813268992
1091010255138549762
1084907732782776322
1056706086164586496
1091557106459697152
1059012031574142976
1078957867955339264
1086658882510958592
1059052007225470977
1088440096167202816
1059518081968603138
1056819133667594240
1075116260604698625
1081966869605765123
1082441192829317120
1076131700336398337
1069892514776276992
1070384871653158912
1076237722912739338
1055357064929787905
1075457399622983680
1058809004464525312
1081606713646686210
1054273118490017792
1057555393050755072
1078319171207905283
1079746511678902272
1059333163858546689
1057284688375701504
1067424662072827904
1052419473658007553
1065952202387324928
1092456838111481858
1077262301705760768
1075575297401974784
1078705526790344706
1070431976623104002
1088386492014231552
1064057786869342209
1061673344762814465
1081487886980132864
1053419454745448448
1083574500120293376
1066693228152455169
1064500497254674432
1080691159335284736
1055119518350098433
1092657914114949120
1083209157401026560
1080082752337145857
1084151826277191681
1061190363103277056
1064625999869091840
1088291551522971649
1081455136499748864
1052231285656178689
1061933874316562433
1070321824737693696
1062569141549309954
1076851292675309568
1077808980251103234
1077917532688969728
1073859899879276544
1079883129031032832
1067137036048580609
1060267493149868032
1088826204143140869
1057330111043850240
1058576134625988609
1052420344924004354
1075133604328546309
1084957732325740544
1055995765494112258
1056337973623578625
1058350147170496512
1052495860611915776
1084819870460588042
1085641390174949376
1084250998200299521
1082079863887011846
1057879942741086208
1078007143771574272
1067952536274042881
1065172263392198656
1081643749527224321
1086362761100214272
1082373691328081920
1067914396289179652
1070359484348948480
1092905420719616000
1056815420022444032
1056068405537710080
1090446873461252098
1079108585202896896
1085549023111626754
1081254041655697410
1055834804044861440
1056964037957828609
1030601625981935617
1057388383469756417
1056269566643486720
1093211820553322497
1059807615688019971
1088181453207363587
1053441595356405763
1068131511835099137
1087435342381178887
1092525051969179649
1076864761982156800
1093425378343903232
1090640086486659072
1079173846148755456
1084347762668376064
1062322660691066880
1079467532657049601
1056668199763218438
1030781568799977472
1084069611484729344
1074848202942283776
1085161128995348480
1084831920372908032
1088645958550732800
1063877840658038784
1073465481586200576
1079634921587703810
1061167197840699393
1067067751133577216
1062278972539584512
1075854980450525184
1058990909256196096
1071128201970229248
1084092472819617792
1068884113581592576
1077015623144693760
1055172874158264321
1080373127144722432
1062091233164750848
1054460827619729414
1067778902318358529
1058294565520629760
1076515659671134208
1074638410294460417
1066626285869260800
1066687646439755776
1076600847533068289
1075254397830017024
1076806148525907968
1054495811852165121
1055170114465685505
1063223509512409089
1064645915317723137
1092895547105689606
1052485514773913600
1062721667879854080
1060042227135594496
1075813578341564417
943235895792152576
1058732898939953152
1074221576751669248
1083845428687396864
1090339110009663490
1075828113420865536
1052369237229023232
1065901653444972544
1065504306823086082
1086350083728248833
1073626583812980742
1087110386837569536
1059102933198012416
1086740874736717824
1084454925818626048
1070241428083802112
1063703269443284992
1052602507552313344
1058542001556205568
1087255228930555904
1065580495487098881
1064275044048658432
1067649288849768448
1077099277350985730
1066890915975839744
1065029756633141249
1076388994785660928
1077746890047975424
1054029104717037568
1052228950922006529
1081355503559684097
1061723820271251457
1064137628440682496
1072175948903047168
1073598062600298496
1064898761363722241
1058669015990706177
1055289471606747137
782906224937410562
1066814472893820928
1081938926451994625
1074042205935988746
1075278446467694592
1089489241044934657
1074088085045026818
1064287324303998976
1085362651969060867
1077258869926187008
1086149732089630720
1054130757906493440
1055128953336168449
1078396708923555841
1083820843757723648
1083854082308157440
1063656072970297345
1085242739430772738
1066498151840772096
1064405508898009088
1090487423254056960
1081595842367246336
1054840575604613120
1056047103909265409
1065246490438692864
1059794896188571648
1081579422732431361
1061679731991633920
1071044775019667456
1066243512092418048
1055503002860183553
1052533926177042433
1055571551414702081
1051914672595718144
1055820093500751872
1056145758615953408
1066652328386678787
1061049812487938054
1051512767650369537
1060399796416987136
1067426244667428866
1063899948675186688
1065770536179912705
1061024251241615360
1082066817789640705
961190605077565440
1067172013301653504
1062390608063590400
1075527510601814016
1067017731633889282
1065108971353034752
1063806938742435841
1086691144694747136
1063949537637621763
1082544695237054465
1059000753279455232
1057993417853206529
1074818144978509824
1067763971711819776
1060953099093852160
1060449220614733826
1060448690630873088
1067163482167103488
1092811570873278464
1079855042650427393
1066311865733570560
1051170950224510977
1064556826736435205
1086890631895678978
1058291145883729921
1064831545276395521
1059981988491341827
1081251630769528834
1062566519115276288
1063931455984754688
1051993922594066432
1087422736077533184
1065376475057016832
1082377649933168641
958146112623448067
1053274340526080000
1085940747914936320
1062987413440598017
1066430890266566658
1065625952963555328
1058887019185627136
1062131325149175808
1092289159685914624
1059108806309875713
1064424502526861312
1077996937507467265
1057591126536962049
1062070995576676353
1086097143532642304
1083854131327102976
1086205117274251265
1075863661238018048
1077646522743848960
1075870480073154560
1086792044272648194
1081352105926033408
1091110194728325123
1056959750007476225
1081179463470202880
1085348879183343616
1066337950596808709
1067842846349119488
1078036484794474496
1066475287741952007
1089272932604485633
1074145879853068289
1088836647452438528
1070077060528267264
1063807672481329152
1081228816662581248
1087429932588896256
1080128067547398145
1061681450846687234
1055376958052196352
1077358217804636161
1062540279541051393
1091863899144683520
1067646330527469568
1069932428419047429
1090682446272704513
1067791521888522241
1067275846690340864
1057661264711819270
1064620987772063744
1054691652944580608
1061549603680600064
1091283038460305409
1080988740259102720
1088990600018292736
1066711931111632901
1074774054761103360
1063949248289357824
1074339521280569344
1070279860940144640
1061735097328533505
1057077852447756289
1075358225577508864
1058643342706257920
1062055012317065216
1061535603714596864
1091980432449695745
1054386643682115584
1065013562647564288
1081305518478643201
1052428811546095625
1060498048642625536
1059282960753414144
1076883768428892165
1055904395609567232
1073656315594055680
1077338217597337601
1066379995931566081
1065335841600536576
1085222765894995969
1058773747484770305
1081543424703115264
1056873794361528323
1054926853423554560
1082804146485379073
1071008258939207680
1075858380718104576
1078253658398248961
1058680103725608960
1055387843739172864
1088353256257015808
1062348979504058368
1056673979186896896
1086200152086511617
1065092499499298816
1073463087724982272
1064585382858293248
1078724806382678018
1056821899253243904
1066320694399647745
1076747122479898624
1059645059019104256
1061413072345030659
1066303754964688898
1054640479130828801
1065328024109940736
1089241620803796993
1061751476396154880
1087731018973495297
1059281130673733637
1087919645598851074
1055107855861366785
1061798901269770240
1056065259348332545
1093035107882057728
1067423749509603330
1066954471429693441
1058039520535371777
1074024447093420038
1070167607871827968
1059391424691605504
1079625591387676672
1062295978303201280
1076919518671204352
1081886884543033345
1075649307477463040
1065976377977925633
1083576895038312449
1066597389140705281
1055975798706827264
1089454339968696320
1082148687709720576
1089576687514210304
1085017175767711744
1061446809296474120
1083274666909843457
1057268111622180865
1070025298287185923
942072756681588738
1083364378500624384
1091416613369405440
1074655890232496131
1083111950504976385
1058648506481758208
1088053904242298881
1058466740009607168
1063833909983617024
1088740854158757888
1076376687330410497
1092070245546815494
1062027678402916358
1089980185817038850
1055480567314157569
1090309676368121858
1086971844073345025
1064494116480921601
1070323743770189824
1050952436167442433
1061941704343908353
1084378919271391232
1049200512493654016
1061270212807290880
1055503782698737664
1050678741087617026
1053201492805644295
1055066161321308161
952610895280001024
1074639433175949313
1073704517907165184
1086229726363033600
1081939149911928841
1093566010475462658
1092811763823734786
1054430288355512320
1081692693187694592
1085145396962316288
1091030631562137601
1080810838989123584
1077656707508199424
1060947878863142918
1064284620907253760
1053247224409481217
1090693631655190528
1076863689796567041
1059376080451235840
1060925445212987392
1065524824536162304
1078516995845484544
1066678364939808774
1058841186654289920
1055781358113603584
1084675163940020224
1087249408016764928
1062482233511026689
1056050359825707009
1075895423699693569
1092230003163611143
1061063547491237888
1056955757793554432
1058841249610907648
1075559434934542337
1054590766746624000
1067401502321508352
1076816560050896896
1069344965107638274
1061076488320114688
1060516683717193728
1064579395954733056
1052733537525346304
1083658788949889024
1083445196162039808
1078075697481113601
1060329674960625664
1063907973284724736
1058496023625031680
1081732083276341249
1091496852426555392
1066496730194210817
1073986772147822593
1081989136091893760
1087434687650385920
1092011692207337472
1062271593823551488
1091677900787593218
1077918152728571904
1053342839948656642
1087996423700918276
1081538076344610816
1078266851648520192
1089139519205634048
1078294339946799104
1064839942457577474
1076290433775353856
1089296820659019778
1059958698032939008
1057221853557805061
1078379859389435905
1087911569219047424
1067544598040453126
1052931057341911040
1090191315218837504
1052212039656099840
1065637865416085505
1059929107394379776
1070794502774808577
1056082924108500992
1076818700248899584
1082447172828844032
1086731865074122753
1077624077584609280
1093247811703980032
1066684338106961920
1067741260046311425
1066491638883610624
1052166601397719040
1064850519519199232
1061157731262812161
1054380814786539521
1056438016737189889
1074933659873042432
1052227841012707328
1066006764234117120
1086605707024072704
1070591118352502784
1062818932690567168
1075456860965273600
1086322115693985794
1055448894837002241
1068211829388775426
1073064942054596608
1076668562620596226
1060410624365260801
1057274747929747456
1075536544964980738
1088409814491910144
1077893562153488384
1075430655578828801
1074017708050735105
1053199097275056128
1059487642511904768
1068102139308720128
1082004065058541568
1073713041848512512
1076296143917572096
1076829822385442816
1079719813621182464
1066108465016332288
1067649943765045248
1086916825143828480
1057982633622298625
1080479950279462912
1061611201510031361
1064866531539132416
1054001668130451456
1067927453551796226
1083777497941057536
1062469863061499904
1061874219670220800
1086691328942137344
1053625207091474432
1065181877458227200
1071283465948196864
1073274153522917377
1093288547958837253
1081251171367567361
1087202716986806274
1067077304575188992
1086366111082442752
943345380980387840
1077338148785524737
1055790168114786305
1053524422856822786
1056542365287092224
1078819160187199488
1088847804896825346
1052575091085729792
1084332387486576641
1092792072199794689
1061708914478235650
1052212710186905600
1070974862229938181
1055422148028874752
1059700327988035585
1080796038460567552
1074647509530804225
1059405866414362624
1058089693651169280
1053962478017687553
1067905136008122368
1084430165235650561
1070275928268267520
1059212971547787264
1089323839555686401
1081312228391952384
1057093256092307456
1064146852034109442
1062038095145639936
1079745253429645313
1058297406272561152
1076809226654232576
1054381932799279105
1072119946635661313
1074311979039424512
1058795949169016833
1056131871707422720
1063785602577924098
1083850357976039424
1075375024679280640
1067586999278870528
1065613818292662272
943300492922417152
1083700947891691520
1063292954696142848
1061940571630006272
1081169025294524421
1064998033283198976
1075473099523534849
1089166928025931776
1060556869142487040
1078662085867917314
1065510779254960128
1053894727597051904
1055389648258785280
1085959636350615557
1047888469333368832
1065997192316497920
1059023464982548480
1054699722651258880
1075816854096990208
1061299879878762496
1070351253803229184
1074741709903400960
1088100355945230338
1053744988763418624
1006199749882667008
1077963007311970304
1075858897024503808
1075360718025842689
1051830226420985858
1087860904610463745
1086537078156988418
1071184725358796800
1062713094630125569
1061925346818342912
1055555831037681664
1063308041209016320
1064612392192086016
1052428072123846658
1062016221149831169
1062902886731001858
1080495714118131713
1081614025245577217
1084961184745381888
1056030954802855936
1052479372232404992
1059444334209183744
1057560856588890113
1054384367827673089
1092483172913332227
1064551380587823106
1059356241544298497
1087835040812318721
1089809137607729153
1092062913131622400
1093109257141141504
1079029350526341121
1066299297379958786
1059391293330243584
1091780884016041986
1055578350586982400
1055798803377414150
1070327017650958336
1055459992814411776
1083122857457020929
1055081636419829761
1091953001093160960
1063752775782273024
1056897963765583872
1088693168214822912
1075361457037037568
1078064170690662401
1083395246921338880
1084811297273843712
1057151222959034369
1053094615652462593
1090814235058360320
1052945248400359424
1057281898555326466
1053660574913986560
1071472011778629633
1079680523511881728
1088148455564951552
1063157028959465472
1088074308235247619
1087376320953311233
1092724236039454720
1073623040934731783
1084393793108017152
1062500715493392384
1085084045841780737
1060030122928025600
1089723844309454848
1060964541197176833
1070092291946233856
1081481939209633793
1085422923651969025
1082060117602983936
1062838017793122304
1058031639991894016
1061491388452196352
1070437337673293824
1064884726953992193
1076566785632153600
1061190551222054912
1064812341315944448
1084851604220768257
1089644010912784387
1057359136118202369
1077689652885311488
1086112099682738176
1080955357491544072
1067063280844312576
1059717714909061121
1084093918810128384
1053293167125106688
1062027829259444227
1030707342281728001
1087291682608111617
1073562906854338560
1092965842591969281
1084150507743178753
1067776219633070080
1052314239153594368
1055190302326169600
1075488290432802816
1057285298655318019
1091744172158185472
1087469077591977984
1064200468539162625
1054492656187985922
1053929993233788930
1067759198602092545
1083684524154937344
1086853738176937985
1091119199349428224
1054703695122722821
1057022175201378305
1092063995345829889
1058645132189319170
1088467777399283712
1059871658079670272
912252552334512129
1081435571640246273
1088543096361619457
1060363353695182848
1065331114628300800
1081283213820088321
1065575282369716224
1056075356229328896
1084165382011867136
1083715155253477376
1065909582617370624
1073665427081838592
1054120302760742913
1066307347759263744
1053041396788060160
1067246824631779331
1079096731751587840
1074012489455677440
1089060908989595648
1083045876120064002
1078740519491117056
1060499563851800576
1069798587008278528
1067879746942320640
1083147858038190081
1080533004215308290
1075847271940534272
1081177238563889152
1073332369128472576
1092821492633686016
1078240484571734016
1078414602285826048
1059417759140835328
1071949568214949888
1092113816698130433
1071061982768435201
1083269332044603392
1052618885382463488
1054545494834331649
1054154105436794881
1075082787831599104
1080366602665758720
1058419964036743175
1060641902159187968
1075853320663769088
1057628700051685376
1074714192899379201
1062721174919012352
1084872828833411072
1091349246530539520
1091045631966228480
1088070486834196484
1061509255793074176
1062070403722592257
1070763373510443008
1061281425838796800
1081304841799061504
1055004888932012032
1053583829158510593
1076703726956675072
1054769721575399424
1089371194883784706
1081614620102545409
1091704873714880513
1073749496796983296
1065264703692251136
1065972729952690176
1063872444778405888
1066299982842654720
1060306010626244608
1067044625708388352
1067069047290904576
1092777361639116802
1085438046730887170
1087363952932204544
1092811922905460738
1054021698536828928
1056258593958301697
1030130818847571968
1075034234702708737
1076547747782762496
1088142301489188864
1056917755419615234
1086756734293692416
1093225073048092673
1081232891022057473
1082090717952897024
1088892805471039488
1093166725883785221
1064972913600692225
1091601726350610432
1080483474337906688
1080552603719749632
1083851521043951616
974963162415058944
1086959726569709569
1056356666860462080
1064889906009391105
1064397888049041413
1064196845717635072
1084454406559547393
1058765045126053888
1085419400113672194
1083064692325662721
1088308394404933632
1089512554773114880
1044453393853337601
1058040460281896960
1058088292145684486
1061533988483825666
1088070262749310976
1053580701830922240
1059511935371239425
1071315255597252608
1092825777312272384
1073616948921958400
1067842990700412933
1078198801096105985
1086228829704720385
1055872775615741952
1078960549084491776
1079011203446464512
1073594199579246592
1076453775810969602
1052139949561139200
1067699774692962304
1068445860370018304
1056878472491139073
1054990719264456704
1088262639166373889
1074710815859605507
1058644602452959232
1084442519537152000
1077577066915250176
1089106525849899008
1060402456914477056
1075751579494567937
1080473332225585153
1079229378205286400
1077358322611822593
1083118930548457472
1056625007365967872
1054549999852212224
1076545485039697921
1069005905197441024
1065459569407811584
1059724886199943168
1057478257233289216
1059329742581760000
1083706385307787265
1070268405360484352
1058268560072404992
1067844565917466624
1078656873518321664
1083952754261925888
1064900918578212864
1060979391004585984
1084750415009320960
1074656523786153984
1057318782811615233
1091718452618788865
1077760458592059395
1075732796159787012
1067533544715636736
1074663366143238144
1055507675499425792
1074848413299007489
1084902974462128128
1078051200728219651
1078369599878508546
1066618293606408192
1091030412380565507
1067859185696743424
1082139243680456705
1087756634632474625
1064783967545688064
1087685148597018625
1087735253597384704
1056820561836457985
1070422093387497472
1092410918775021568
1063986802489344001
1082612300920643585
1082498988845150208
1092447833423261698
1087713169009717248
1088798570994692096
1056655845298266112
1092989036317368320
1088679067769962497
1077908172336230400
1092374802373984256
1083936763171745793
1088261767443165184
1058285581002670085
1083104100491890689
1063881866355372033
1079721121979736064
1059098611030654976
1078810010820530177
1085329489343774726
1078864554468220929
1081430228801671173
1055427524568727552
1092809529266446336
1062114288956047360
1074778301980438530
1082050190155173888
1065183771832528896
1055668280021659649
1053916708652630016
1061278313841344513
1082653417611452418
1075423955786162176
1091845393074319360
1077909472696250368
1081979916168638470
1074657776763330560
1074406735744520193
1086748011777220608
1081142957456146433
1092983838438051840
1055115656725741569
1083855643369447425
1092800417791127555
1091505089515323392
1087406458071846916
1086692595814879235
1061644777396023297
1052422775107964928
1055542173494624257
1085192597558091782
1086601772532154368
1085578393138143232
1062339680669188096
1056064019512115201
1079722626719862785
1068120902565531649
1081991361606402049
1088467330118619136
1073744721346912256
1052274542348066819
1074282672178946048
1073682338872287232
1093525422363545600
1081355803984986112
1061615128364376064
1057972142061613057
1057038352237633536
1089242648940933120
1055028712796606464
1082650109849030663
1065973943943733249
1073396432063873025
1091537821708492800
1064415217445146624
1056972628630605829
1016667697529131008
1076337332033327105
1074341913984163840
1093162563649572865
1082090866209185792
1065212345524326400
1062045389967233024
1090746413296672768
786636560406110208
1056087452459257858
1027537748624912384
1090639952197619714
1060530084753432576
1092805324875186179
1083968096358952960
1075440020033548289
1058070632150249473
1081524316381081600
1062820326118064129
1076996084298407936
1089220795728044033
1078976502715375616
1089833640622809088
1061544569232416768
1090256015998603265
1077924390845722624
1077802840695980032
1080052806495670272
1059036040038629377
1077683444677820422
1066872572955058177
1077983690603577344
1090359655472214018
1053791124265959424
1052916072754634759
1091373059020345345
1088610140490813441
1088541197377757184
1083737170756751362
1084571058643128321
1082316610604593154
1086636450106490881
1088464285251108865
1068973011385098240
1078348719513317376
1090144933405573120
1059902053504421890
1077889771995844608
1057614365975814144
1063234670010269696
1057912379529486336
1090425639503519744
1075423622888677376
1078931524504952832
1052839054193057793
1050038980480303104
1086983576103673856
1084420428670603264
1055323172847767552
1090300222868279296
1073966141993828352
1063465764550832128
1061853615835541505
1080178206643183616
1076016082484228096
1092262124024483842
1074145591893155840
1088318795335245825
1089119951116558338
1051069894672953345
1057305126510182401
1041475046164901888
1056702514719010816
1075383021774225408
1093556649749553153
1074231198485004289
1080897888950124544
1067073640922079233
1062294446811815937
1076179491850989568
1059077598376914944
1077775092917170177
1086853404452745216
1088986468628852736
1054245770910666752
1080153541459623936
1052196463105662981
1060764959397695490
1062344531247538177
1076235997153841153
1065137894141161473
1062071587774586884
1067814203514372097
1062108014541447176
1069938531156426752
1084237857718452229
1062297532078813184
1087412649745436680
1084131682142306304
1057355996241244160
1065256717179633664
1062085023132798982
1080841354677288960
1075311763980214272
1073513280675766273
1065887225974611968
1078629247231688704
1081586185175212033
1074547220781981704
1063388054310707200
1079229164144586754
1055530780871585792
1065960648071204864
1056322406627885056
1075490911428186112
1060434431599669248
1055214118762934272
1073577679197229056
1082384459880714241
1090548200879112192
1086301857050476544
1087100822717116416
1083361342688509952
1074994064775356416
1075602243750125573
1062075584858210309
1054468997310242817
1087636378857304065
1068091086734745600
1093501033035300864
1064464225547026432
1083107402499514368
1061420749460815874
1084598805171965957
1076356756048134145
1056832524213719042
1092450541903458307
1061202025386401792
1061255319748104192
1057696420659191809
1091169516711628800
1056258021779746818
1052580842915225605
1062470671295541248
1087331391841468418
1052654869000138752
1075539066832089089
1086972687711432705
1064597596826755073
1063098279456575488
1085586428149489664
1071109754406105088
1055166569251307520
1085153737549713409
1070190203313229824
1065317754289483777
1059449951871266818
1078593850212519936
1081103476032196608
1078319599685373952
1056449112634245120
1074103070802489346
1091567892896927744
1061359642276585472
1092955860005904384
1070988980693422080
1061277928422625282
1058764632079372288
1092032128261541891
1066445829425307649
1082529133115179008
1064534813598732288
1067803208456814593
1081183207951872000
1058383193139806208
1083422970457018369
1070275447043149825
1058046246219403264
1092811675777011712
1061711412110733313
1052230057366839296
1064944670608945152
1083846080159203328
921583711790837760
1083849595308904452
1075912598732894213
1058299258972053504
1080435413662269440
1067002599713452032
1065141224271695872
1064510631997595649
1076528783799345155
1086852100317954048
1077604817445548032
1069836605568024576
1074286942072782848
1065963440722898944
1058766983485784066
1090528371996590080
1082247444262309888
1079722615793606656
1081945167895003136
1090353898542563328
1093155318719143936
1058709414088187905
1059170128053579782
1085526177211662337
1090595913863704576
1065728557052297216
1090915305029685251
1058478208524451840
1073617114118860800
1075868802712186880
1076381088098979840
1075683559539658752
1066737731043278848
1067054298599694342
1085857916685410304
1061999877763284992
1070779494515073026
1054734277064167429
1058645436716736513
1082522246307110912
1076128176726773760
1028770290552254464
1076353650799374336
1081708777467006977
1056564712580829184
1081673215825661952
1088940118210109440
1054516698701717504
1089105804689432577
1091076938872115200
1056866115010228226
1082741013754642434
1088371838298804224
1088758007125692416
1066281000668413952
1066817342796193792
1075405730679832577
1084079177941303297
1089623225410207744
1090655663586332673
1058816832801570821
1062713621518606338
1081294505565929472
1057311482059337728
1083445034530287616
1061722950024474624
1071792884574228483
1084030608865718272
1055920637355671560
1061590125040283648
1059379055936573440
1092780785550217216
1075375195081170944
1063571933529288705
1058727634014740480
1052393645528080384
1067297149270949888
1083295780738236416
1075401003602718720
1055071079318745089
1085437048583086080
1065162517062844416
1065032454669574144
1077462421411897345
1054349040492650496
1081202592242225152
1073615125360259072
1087716042263224321
1076948078760996865
1083800965826920453
1081703144827113473
1060775482646581248
1085307312154263552
1083789768314343425
1093551516793880577
1083803284652154881
1051033135226347520
1079744411402207233
1054689935117180930
1062384437504172033
1079697119747993600
1082248029665673216
1079384205040205825
1066063446519750663
1092004635559297024
1055653632618590208
1074339519992717312
1048241342214799360
1066487672053604357
1078383828836773888
1055175842815467520
1087522865484873728
1059088984729624576
1075809897676201984
1073772252011917318
1064542095040483329
1088946448559996928
1087079199918174208
1066645239740301314
1071303541573079041
1085744643462041600
1069672374952493056
1075556509113827328
1058248524620431360
1056957594466684931
1053383395458367488
1052655538071367680
1069577588798971904
1076385925893144576
1075032959923691520
1076749888359026693
1082974330584211457
1066792998606905344
1088423411871830016
1055833607049072648
1087080613838913536
1081614934763401216
1051875731888898048
1093182633943674882
1087828435685191680
1073422715485335553
1055483268491968512
1087221489353527296
1062666485217222656
1088742361755205634
1092698999134466048
1053197362129199106
1051546032776056833
1065389445539491842
1073682764250132481
1078600935830622208
1082288120056463365
1088815072896520193
1084766498042703872
1079695565489881088
980210796134354946
1057793396822212608
1061642208149831681
1075098287496142848
1057610820757143552
1056643417047003137
1060351606460272646
1055727153361362944
1083848239802212352
1077596816047308800
1083490882341535745
1089954538541469697
1070056400565530626
1078077998941622272
1055758861213360128
1075780928566288384
1078801544294866944
1063802753477197825
1058710868710559747
1076670997368049665
1068445859019399168
1085098805404536832
1090216895838646273
1071489833372127232
1075741608056770561
1087353130487111680
1052410472769736704
1086989819773898753
1068614699107774464
1078294660890664961
1077359058993070080
1086383216947355649
1076835940973400065
1061051626683858944
1075690775713738752
1076549740852965376
1059678108935061504
1090824402676011010
1088270501569613826
1075365180874338305
1053428084836196353
1088500429523013632
1087635494928818177
1053233711502770177
1069913529761890305
1092575830532747264
1085250265559781377
1091836719530422272
1063096128512647170
1083979853915930624
1079141840794861568
1067151987857227777
1074228012923658240
1092837248872169472
1093117966076600327
1092191248880812032
1056917928266907649
1082347870597144577
1054968083583062016
1086027384053223424
1061731035279486978
1079711546836566017
1056315783196758016
1084003766507057152
1081223983196975106
1062246981849022469
1063538410235809793
1091760828225859584
1078754349025681408
1057728064946425859
1085065960464232448
1079394362520465410
1062326877896040449
1055419210858323973
1085137975485313024
1067223185198903298
1082573142206439424
1055237761651929089
1055142858208948225
1052269153413988352
1061914885855080448
1064134380115783680
1061845157409054721
1089227581189169153
1092365834645848064
1056175787710267393
1083300537100058624
1065878539868798976
1093620924757217280
1068287297949495301
1075617536052420608
1050432217250435072
1061185853416857600
1064458265658937345
1061819622519922688
1086644305110945793
1055053066540593152
1078189054779379713
1080601949165236231
1059281730648059909
1060850297768075265
1073463833639952384
1079501170090098688
1085152247229661184
1079515095217197057
1078027742069837824
1052481573919047682
1074010771112280064
1062712420156637185
1089630597826445312
1074079300557651969
1057564993699352576
1084437342088318976
1053564200432283649
1070584522922778624
1084483262351847424
1090694203712200705
1061269897773166593
1060478714876780544
1089127871916986368
1084712529010589696
1078319260089413632
1088861613170532353
1082324020744220672
1079997641755258882
1056802491411529728
1063378646008823808
1078688495906902017
1056648565198594048
1061536016127926272
1054775406350557184
1069927429538336768
1058539257931931648
1062109565888708608
1057684432289759232
1089980020909592576
1050843862317654016
1053324899119288320
1090708881267982336
1056169320550547456
1083846958752690176
1058049395650899968
1064152294533550080
1071026506057596929
1049975754891628547
1093173406546112512
1077742893140459521
1076476164938575873
1081874776556224512
1051925522907770888
1058545941056184320
1055828936842711041
1065654202045685760
1058191661073784832
1084512943365083136
1085384466028249088
916953993682632704
1090999810008801281
1083764923526717440
1067454682057056258
1074510073416830976
1062068321774759936
1054130275305906176
1056994219431055360
1093219747615916033
1093215741539741707
1060662929715052545
1055460865611194368
1063197601653186560
1054105345822547969
1055579476099301376
1073878540662263808
1082044684724244482
1074863342928441344
1076381365363490816
1062730452509908993
1079795877919768577
1053018112193253376
1052108562732896257
1075660149367496704
1059015611068628992
1065028860696252416
1085207532950511617
1055527055188725760
1075213759369613312
1053076022327943169
1058360402168438784
1078403675251326977
1082280225730428928
1092504100040818690
1062287715310465024
1051931107032215552
1067824564237828096
1057277980072927233
1063064100350164992
1089484319649918976
1084484555116027905
1067810557678546946
1077607670927015936
1080806015656964096
1087242812758863872
1065610777556590593
1084487754438852611
1089440730081316864
1065141918278066176
1076123829095882753
1078369462523494400
1053710378864119808
1077522509581303808
1087646849647951872
1089710552081944576
1061049812131463173
1077802354857164801
1090653404236529664
1087293301420711936
1059249688602243072
1092146250168832002
1064092303554428928
1092455186185011200
1059398876233252864
1055829134490959872
1056618788194578432
1092779534636732416
1084247328310116352
1055356252765741057
1077911306584371200
1092353598430892033
1058271367051821056
1082984114431635456
1078776618078875649
1061193759818432512
1056055008494522374
1081454102217924608
1078336016090652672
1063068010511040514
1073632974690795526
1083367247463239681
1050433428523507712
1061427467410464774
1088466487487201280
1069587330040848385
1056859506032984066
1076424557202980864
1059132668837879808
1086466730166169600
1052669474707558400
1093450850586918913
1074527216086720517
1082935996042350593
1089055275141685248
1079022926526115841
1076763901595922433
1068051941874266112
1081621364652605440
1059793368341872641
1065269749318328321
1086330999208783873
1085990036082962433
1092440085981745154
1081626583058796544
1076746521046147073
1054000150505492480
1064079875647012864
1064795004982439936
1078408251811811328
1054850854350610433
1078760041233174533
1091837818102562817
1077686394770939906
1073526428505948160
1067340060289310720
1074688168115331072
1076306099970617345
1053192526344216576
1062118375382487041
1089052547229384704
1073485191535050752
1051546356496719872
1091732641051742211
1059296802279575552
1073920055597912065
1055191066993967114
1067845733179568128
1073918143783976960
1077731623876128768
1073503562011959296
1067040999250280448
1055556127478427650
1056666253790654464
1088656895689162752
1087583156868243457
1062013661420621824
1052814114387648512
1057457807606341633
1076458636778618881
1090209978667945984
1082343761101889536
1076547166506754049
1090225674827284480
1093193090028920832
1061768203964203008
1092922081006796800
1057675165931204608
1087163844558897152
1052365489085640709
1055084043094626305
1056059040307003393
1078678519222333440
1052024686614331392
1087771802737303553
1054004929424248833
1083438482473865216
1076229516245250049
1087801356428169216
1091335667429359617
1083790899539251200
1062942552490422272
1062088969964437510
1062784149407166464
1089644339066822656
1047506214542880768
1081512437768208385
1059558585586384900
1080880182687399936
1060946080584622083
1055067647732260864
1067817141586599939
1088495802975248384
1076092667988246528
1055797745695498241
1088937493129515008
1067774335312646145
1058053503015366656
1087652911050645504
