1064463185053274112
1083037935283261440
1050772020491939840
1053949437343600640
1053816128022212609
1057947870148657153
1079575527009202176
1053914088907116544
1087821682218319873
1075066229499535360
1085644207308460032
1050333253419364352
1051841571337986048
1076904993234522112
1080706366535286784
1081102071129141248
1075926325137944576
1078060737380126720
1057241047426834435
1066445138782797827
1076023099882201088
1074987255218012160
1097991435184427009
1058491714925719552
1077142652427137024
1064556741524946951
1081116502579994624
1097602421675692032
1078244149600624640
1078190419815686144
1055231594850594818
1083006729804304386
1075101508151193600
1075042234515513351
1077656978850115584
1078716345313882112
1083963788066463745
1077293450557603842
1078041896298209281
1097987373143601155
986060254277337089
1098519461882220544
1097174233480921088
1082010571472556034
1075086083254304769
1055055740648468480
1077901332961472512
1053224625117843456
1057365454619099136
1052526406410866691
1051776008406401024
1078343278599249920
1058885809796014080
1099737564339154946
1083134633909383168
1085646450304856069
1075560996260012032
1052942602184650752
1057096448867815424
1097523131932073987
1076026806636085248
1060303150702362625
1058437503244480513
1090308098445766656
1064997744220299264
1052624059354279936
1075897313485295616
1059943823600771072
1085553360919506944
1081292550118338561
1060655551351271424
1082531814076497921
1096900818786226177
1076115999127158789
1085983900697092096
1061186491014090752
1079795717319913472
1078289563326599168
1057691130266050561
1057064201531916289
1059825957979197440
1097860656613732352
1056708211489849344
1085201106349772800
1075065995318964224
1075826176382418945
1053413453166039040
1059822820321058816
1053722634557554688
1059576906067132417
1057945531350171649
1097152316124393472
1079874991175450626
1060912960250490880
1075866912842809344
1082625299257401345
1087779428770430980
1076275197899083776
1057992120924061697
1052586092963254273
1077367412213862400
1056884261360488448
1090917562077073408
1053848436930502657
1098520776796524545
1075848365907296258
1076030419450150912
1098225842843537409
1088458576903819264
1059019383345942528
1075373024327712768
1056984996999761920
1079445664558395392
1055010981967994881
1093818829229248512
1057204810401882113
1083623076271742976
1064545494456827909
1099678983774445569
1086991877314879489
1057960215671390213
1052181249714982912
1077209616247934977
1091042778195349504
1066679809814745088
1051629930331684864
1088925793328222209
1052263721094000647
1098150576746123266
1100050100724862977
1064898522410115074
1097975700613664769
1065311490880737282
1099958123631136768
1100748136102928384
1090673672568954881
1091123554337210368
1051418872669200384
1084814850461786114
1055572817805230081
1075483129933049856
1055180785165258752
1075839468295344133
1066455771519557632
1095070817740820481
1059410947436089344
1060511440061284352
1093215223274647552
1051830534408720389
1085507655328845827
1081745064756424704
1098214797177434113
1075379038955454466
1078237563817783297
1088360861486514176
1075079672084480000
1062320010335608835
1055562171348852736
1077564631420465153
1076115325287059456
1098051986396774401
1082730783549329409
1078579687792750592
1052879311068229632
1080857690681864192
1091291686280589312
1078895374394376192
1075828631409225728
1063029985596882944
1067776219633070080
1052920550362939392
1077655074116116481
1055460992845524992
1066707985630720000
1091403045282476035
1052184912311308288
1053707074612412417
1075939922115248129
1057005150211072001
1075122165085814785
1076028287133069312
1061607147786694656
1088398950875516928
1080385638854287360
1052371703639076865
1072560596590178305
1053641171627663361
985804006164451328
1078357210999197696
1088436500205895685
1088464396916011008
1098583127772024834
1077217642849755136
1060276919277682703
1055561677477953537
1076184414349078528
1054713062714941441
1059826442811379716
1053395860590129152
1085601757529542661
1038890187571515394
1063146817574105090
1089146089633128449
1087747967224872962
1062705050076803073
1082395272267870208
1076028605854031872
1060921496678223872
1079003749820125185
1056138975864336385
1088899947339091969
1098174824567001088
1085107072377720832
1077976937786761216
1097269422891376648
1055181701788258304
1070355189125783552
1053564014591176704
1070858159995191296
1075071652986306560
1063523114770931714
1056698374542540801
1075556866942488576
1089269866215981067
1084227235752620035
1057687471058837504
1055074460406038528
1075083804480544770
1052852898109960193
1057911360837816320
1097917932913479683
1082007544728559621
1085878927166447619
1070352688917958657
1064140393569226752
1057285317521227776
1054041999647608832
1086934292800905216
1075105486419214339
1090321359924793346
1087725656585236481
1089625950059253760
1090612702123311104
1052629095933272065
1059795359059398657
963993536537481216
1061694503248125952
1056774031087751168
1070685752923693056
1050476150731001862
1052368344563703808
1062658134660038656
1057971419991207936
1061004768452247552
1053936160941228032
1057226453589331968
1030790652211212289
1077142496549974016
1063773101433995264
1052388920824983553
1056514570678947840
1083582510649479169
1088742025795653633
1075912959585484801
1075042354007105537
1053982160032591872
1076442053830152192
1099947293283889152
1083361567897542658
1076886102886240256
1060277263747477504
1054875422872297472
1055264048516751360
1059048446429224960
1090880245484478464
1098659106964099074
1079391505289232389
1061658628862689280
1075834419741671425
1088398624030146560
1075832560108867584
1050468968379617281
1078642729054285824
1096410147134586881
1077412457990111233
1078215178439794688
1057256027228463105
1075075017828904960
1067075855753596928
1075565827980705792
1052232532828348416
1090919335902830593
1078614767600914432
1052259059297062917
1061275345524060160
1059558950322999296
1053800578218934272
1032006733173059584
1091333719816847362
1091818629090426880
896378385714352128
1036801901294116865
1054158148334952453
1052499865245233153
1055435494715211781
1057537970708930560
1052585635553431553
1070975978179096578
1067866147821969415
1080549149391626241
1088466099325292544
1097818151012761601
1075080405097811968
1070880011643568128
1054499586021249025
1064990784263544836
1066699045366837250
1078214021336186880
1055402271410929665
1052568041014333440
1052239908624990209
1053298687236075520
1067983292157345792
1053787781170950145
1078848908783206400
1077648360725798912
1052631234038222848
1087812685000032256
1052645261405708288
1092511475506339844
1090598840300961793
1063000057778237440
1055190716194938881
1057960217361727488
1070693086307762178
1062695158066671616
1055083670170726400
1097530892304683008
1057588062514040832
1053379829901463552
1050597644748251137
1052263731311374337
1052692847600787456
1076777639879364610
1079398727633260545
1092422410471657472
851450852955090949
1081764693876920320
1097131943752278016
1087812777916448768
1055383065202229248
1058315967883866112
1076050045814931456
1089967735784853504
1064638596433526784
1077862148984967168
1092352515549659137
1092194594962456576
1050273473174675456
1079311147810070528
1053260276437577728
1077142275598241792
1056690415863128064
1095073076608450561
1097796894334611456
1077142569258311680
1062685503928045568
1052544901186052101
1075833075542695936
1080778310328766464
1057325407777837061
1053546780829323265
1054154968347766784
1088756376191553538
1056576711364505603
1057126663828455430
1077986741892526080
1098156962632617986
1079170166058074113
1062784843522682881
1060582162406260736
1076576602992140288
1097786694630289410
1078735648318783490
1065301758031867906
1075926325414772737
1057847213269942273
1060517415711326208
1079318631610224640
1053953199315566592
1076468884998369280
1091323750065287169
1064806416484130817
1073614867905552384
1077142212507561984
1079470754461372416
1063109680128389121
1088111715789750279
1055633510608920576
1080104672399106050
878062012814602241
1086280025161134081
1053647164738551808
1058672100465168386
1097141044108582914
1098238485088096256
1093497595673092097
1059852300750110721
1078361968208154624
1062799558743416839
1060182364830208002
1087758714868850690
1081725835277676546
1053691648180436992
1064815726631022592
1055455683397775360
1055562623037702144
1075198517168218112
1079163454072766469
1075137989280440321
1079508486285901824
1096610801698422785
1098861669214797824
1079278969877397506
1054792544809349122
1051827197932199936
1063435231166955523
1063440326831026177
1063550591912292352
1075163534441377792
1052671292174942211
1089890275965710336
1052331086414516227
1066753387679510528
1053050623522942976
1052306597471490049
1082043955426934784
1052679970827440129
1088457254402121731
1080962480820678656
1075087018953199616
1066686692885585920
1090542672354439168
1092385944907468800
1060991683297509376
1098589196527247362
1076015230675763200
1059032291920482304
1069965764243927040
1079540773840920576
1060129225120849921
1082532363593285633
1041119801563914240
1098211146002296833
987733463653593088
987964638125060096
1076803421066416129
1093894755207938048
1055131780175613952
1084143298871205888
1066656322060460034
1056704919963688960
1066992074589913088
1080410613816442880
1090285846450892800
1053388229603442690
1053758245490360320
1076524961278251008
1054492594376527874
1056995436588863498
1079162826449711104
1057332772669476864
1095358411624062976
1078040699583455232
986438817765785601
1058012244305502209
1057233893450047488
1052268588223123462
1053413793886167040
1075818516673126402
1065002848004399104
992375433051213825
1063072687776505856
1071379559981989888
1097797284526465024
1064142176878096385
1098581016518758400
1057179767236112384
1077154190261137409
1080382249651060738
1098420796945547264
1051785416775532545
1096234208043978752
1055183399390871552
1075460192060534786
1077273180329390086
1078293047547518976
1059153134411493382
1052553859804135424
1098582551713800192
1081901347593768960
1097516355392364546
1058639315222323200
1052210771352940547
1053686305266245633
1062993607982899200
1051904443724296192
1076029761808408576
1083566118130892801
1100364474945622016
1058310659648208896
1053966511885467649
1080898876884819968
1071231784090787840
1088126735378497536
1080876297595830272
1050393396156743680
1054565189624967168
1075822858004258816
1080621069214601216
1053382273641431041
827981739217809408
1052854957156835329
1058656943835877376
1100745725649014785
1056319270978797568
1053011602444824577
1075061237862621185
1052925956095205380
1084243208199159808
1095859143074873346
1091043390677008384
1076520757587513345
1098584791212007424
1099442799626338304
1076071531627855872
1075415911216091143
1052941692423290881
1099249132496187392
1098599542885367809
1061696425283723270
1083650911325556736
1058363054486966272
1071401335323590656
1081502173618413568
1058988266475700224
1013267406981038082
1098633237428137984
1053362113656381440
1064168554319282176
1093973379818942464
1066770998257627136
1066408531509870593
1097832120385523713
857988369426632704
1066117773322010625
1051650122109476864
1055311749124108289
1097464216376741894
1085207333024743425
1061395279834951680
1051903385715269632
1096711562734305280
1058392603610279936
867428682809442309
1057421894868180992
1067780993204002816
1088105964694372355
1089450769684811778
1098123615508353024
1097524083636334592
1059888814246760449
1066879211321749504
1051517264615407617
1079511739920719872
911912331919142912
1098656196830154753
1053083773653401600
1058641665332834304
1089447972037951488
1099283820782780416
1059263658600132608
1085973628544524289
1059525512538845185
1079230526282579968
1058994835921793025
1087747977719046144
1050338142069374976
1079204700145311744
1077999062698393606
1092571498185981953
1077664008822575104
972406542589923328
1053254599950458885
1079320296627335168
1058874234087333889
913790808737943552
1096072459802034176
1082764608106946560
1023963796774301698
1077741368569585665
1099602408622247938
1055169185121214465
1056971106609971201
1094007375764303877
1098247315838644225
957723256123019264
1052382067718262785
1079163213873401856
1078684092114325505
1024060124275597312
1079058230704250883
1058297478124949506
1061376415378087937
840269340289171456
1089848439997911040
1055874784129699843
1082020865401909248
1062389377182109697
1075835957079957504
1097661974392041473
1098473283832500224
1055903605180383232
1088864503775879169
1053251393253867522
1081929300297875457
1055588696861347840
1093109402406666240
1051780570617925633
1077267292512227333
1077997306497110016
1057712251334021120
1062837554209275905
1091086290232229888
1066818813461590017
1087747974799724550
1081916935669981184
1090882666562547714
1054811991880187905
1087732562305449991
992580905544880128
1076188411080466433
1057007787010674689
1070380916516814848
1096059308725407746
1098878707459076096
1052566032165027841
1052566738628485121
1092167300776640513
1057236943677861888
1078529638513692674
1079022921266405379
1064905442210533377
1053769359037026305
1054145573924888576
1055804182534541313
1064712433984405505
1053285671404658688
1061446475077476353
1052260334289862656
948224360292257792
1052999840626556928
1075821539889766400
1075629974554624000
1057639599961464832
1055464241766060032
1090723321321308160
1100076914780315648
1083429914991382529
1052198140357562368
1053384096985047042
1053777221339377664
1055251400832147456
1092395588543545344
1075747832437637120
1076784201884749825
1080944994494619648
1063562883823534080
1079755069011177473
1076137191867326464
1053801648169074689
1078170950963810304
1058682628839223296
1058757456497700865
1084533862041116678
1054751010625863681
1095853516944478208
1075435546267279373
1095492603905220608
1095869890580439045
1079802607881936896
1096062004408795136
1057716886388068352
1075468289806163968
1096429485023481856
1076730245850505218
1096050317970542592
1081917508565766145
1097818476255809537
1055842781569187842
1072521559951200256
1075941556111187969
1068289861323501569
1055329557283266560
1066831396528902145
1097055290812321792
1057710526938132487
1056800090801745921
1055207575627673600
1055799711700004871
1098589961425731584
1078240040973754368
1075089038972018688
1087728324250611713
1075413005070942209
1066617014339452928
1054558024021364737
1061032255018151936
1075479967331483649
1095231967434551296
1057650074182914049
1084026764672880640
1087747972278947842
1054146034136272896
1085596219924144128
1098259341919047682
1076700885156352005
1094303500522012673
1054729096041844737
1053544580187078656
1085585002920701952
1075414659379929088
1057222443058819072
1053040524754530310
1056990895772450817
1060375834492633088
1079815377742225408
1061211986904657920
1078631499929452551
1052270987365011456
1087606240061079552
1059780674339643393
1056989039897862145
1093741756166811648
1076447429073952769
1098514560724684800
1058290743339552768
1095983188025982976
1097574803802914816
1052402365545017344
1054716298456903686
1056971755535900673
1077558498865676289
1078099459194654723
1057970761426710529
1058456312852463616
1052551521454444544
1091871988900073472
1052140370648285185
1054664978647502848
1063077386638557186
1057708683067604992
1077617080906731520
1097115322425982976
1052222551206887425
1078438539920961536
1070374660213272582
1053283231938818048
1054091916797796353
1082663627579187200
972504839493160961
1079761130682228737
1100849474149203968
1067308544007892993
1079887445439721472
1087727882082963457
1063559381114068993
1055587462876196865
1064638621855051776
1053953549397303296
1057647149771644928
1054286181897244672
1057802037063106561
1075759994220568576
1056199381874065409
1050401066754469889
1055142896561807367
1066616910773669893
1059440168170590208
1052852819785592832
1055841495696240648
1083696752547504134
1052238505282334720
1057845706076184576
1085544375407521796
1078454122951647233
1055684972445601792
1057803310634160128
1079320299248775168
1083165315209531393
1054864315994370048
1056169918171885568
1054147949238870017
1083302488789471233
1083883105604096000
1079151222035304453
1061731900232884224
1083746605063229440
1057345909456015360
1061377222072770560
1088152627458777090
1057448884409110528
1056774459301027840
1059870094426324994
1080417592777560064
1055223102458810369
1090263510045446144
1055201010887680006
1055194911065169921
1078286978209275904
1057650080419889162
1088369943769481216
1056864804923719681
1090182868482048000
1055506465530757121
1054042965893627905
1087727234729869316
1059052604863463429
1079678362149441536
1058037395260694530
1068289495945097217
1075072452206710789
1051392491814051840
1063076967266836480
1098587674758311936
1095655028365377537
1077727786855481350
1053366874459856896
1052847135526453248
926096833411153920
1053327976090255360
1052317217159860226
1070771125859303425
1075922782792368128
876571608487530496
1077390276870705152
1093188596855525377
1063719162453917697
1096485664231702528
1053483443361890304
964704019917803520
1067529463863361536
1096163714032644096
1096234729991479297
1050338002537512965
1052254798660005888
1052565135083151362
1087878728598937600
1098152828403560449
1052402754998689793
1057033814315335680
1063914862689091584
1037589874415726593
1087747969477152769
1100322232105086976
1052881189562920960
1097598368279416832
1082806554213134337
1098285985517862912
1061333934808686592
1099977095525138432
1087844665615937537
1075818068079755266
1079846902089351169
1031500923309318144
1077964099206602757
1052070044434423808
1085147513018114049
1065678098354634753
1058643479327322113
1086302531733594115
1076022671694012416
1061424535705133056
1098016160014950400
1052599973878124544
1083787198464430080
1098564246420508674
1056272554254589952
1076197772276232193
1083720051482595329
1088400909397303296
1083710063531962370
1079418327636824065
1056713127503388672
1083703220743127040
1059084612205506560
1059499599768047616
1052681868233990144
1082262631916945409
1054448125660856326
1088554662968651777
1078538783430242304
1076024458933080065
1052537636814876673
1052837764788441088
1061694541043040256
1088009197407621121
1087747980961243138
1078264275477630976
1075164241114660870
1022894994670149642
1078113529977339907
1027490730015633408
1075042986474565632
1077191301790158848
986681735587999745
1060700808898056193
1057953600855597057
1091996358658179072
1062749295936487428
1055194486635225095
1053348668953239552
1090892557855440897
1055237689883217921
1057893218166194176
1058164696849760256
1092592315137433601
1082184265981480960
1052322315604615169
1075170352005672960
1058098659605254144
1077264112953016321
1092869400061976578
1079110407225311233
1074419315087167495
1057594670728048645
1063551356617650177
1057710248419561477
1075490028841852928
1082254875172487169
1059870977201451009
1054484823631450113
1079404096384311296
1097110056276058112
1052622053461889025
1053714165016223744
1053421011167731713
1083720049351974912
1056417211731099648
1081302504036618240
1052637163580473344
1080097982404591618
1079424176715231232
1070363157405806593
1077547698469781504
1083804139702804480
1053258074436354048
1021396207862722560
1059864473811476481
1052276163823976453
1098254301523267585
1068173036925390848
1065240667666952192
1049459284159987713
1055962515060994048
1062803620830330880
1053552580218011648
1061333753660932096
1053635674719641600
1059520727735513088
1080875003615342592
1052252858844884998
1075088991190433798
1098307857437679617
1054561682708684800
1076198511866245120
1056228724830547968
1080035905132470272
1053488477302648833
1052588907836178432
1057872139041284096
1098494961861955584
1077045821395402758
1052721323120549888
1051569305081536514
885525599535673349
1090580225426145280
1083011615526670337
1063806083872026624
1058494686967590913
1055081604182409216
1057051674194464768
1054778372977541122
1087027190200520706
1093255956920786944
1063774516399271936
1051908376165277703
1079765284850884613
1051924438294437888
1075826204358385664
1060376733399085057
1061019365120843776
1053283820710039554
1057244962360832001
1092683829880516608
1057249797000826881
1078265528274350080
1077988505157095424
1090023356018106368
878150205685850112
1100710065491853312
1061713763391471616
1078008761049141249
1099007770735624192
1056871455814832128
1088841466057699328
1079474877084639234
1053788554470539265
1099026105770696709
1088876983239540736
1085998099947028482
1060888499979722753
1058875557855690752
1081816348567785473
1057676389757915136
1052260957110456321
1079032841105596417
1053845671890051072
1079560591654699008
1054181236149760000
1089286069684711424
1075941040014663683
1078238649550950400
1052109834957574145
1059906257975414785
1086344674825158657
1076784245564194817
1097916793463717888
1066662750649229312
1086728639440453632
1097831313682432002
1079163736139726848
1050339847666319360
1052175151897477123
1085256765736927232
1099181488006811649
1059815690276876290
1068292617715269632
1058661027313844224
1057266146070552576
1058654455820939264
1079868471565930496
1058622811101634560
1073668817899921409
861749796880732160
1073912284584558592
1058503459316604928
1058501085189623809
1081970126809911302
1081953915174903808
1081937411595227137
1057618193076965376
1025019301139492864
1057684651446280194
1058436946899451905
1057739751967596550
1081582613092016128
1057831689139961856
1058166159063875584
986499459818254336
1075096942223462400
1058106159700369409
1058003679964479488
827965154235129857
801243333620154369
1082650834331160577
1059160871556055040
1085202573743833088
1076219119773589506
1084535221201092608
1098304243059044352
1056159847413153792
1084244928014831616
1084144930728087552
1070010230191345665
1070015290292035585
1059260042065567744
1083806835885334528
1083573743618834432
1082667101142376449
1070376001643966466
1083412619082506242
1099126579383492609
1040705439900426240
1076017907073732608
1099990660592123905
1100008669348089856
1079555326494629888
1058823048382611457
1058790786509221888
1100852792900636672
1060929201065418753
1097885161159561216
1061707911116787713
1087727524598202371
1064654820269793280
1064662042575949824
1096435555108302849
1053247870961418241
1078787928179032067
1052600526330707969
1054503044321341445
1090665832764592129
1096029367585644549
1053402336629014528
1054561622864343041
1054563425592852480
1087895446461300738
1053799713365991424
1087754912195379200
1052435071163125760
1053935162315153409
1054864311590375424
1053801023096176640
1077612422221811712
1063522770049478659
1077607273671942145
1054783400412921856
1052513872236691456
1053828854643638273
1091657950572077056
1065410405013573632
1091243597192749056
1053020241750581249
1066121822528303105
1087695305695469568
1062818717615169539
1093252972925145090
1076023627928215552
1087823489036419073
1078777997652647936
877287658472472579
1077621101910519809
1053937724309291008
1028548934942244864
1076208351133028352
1055936035983683586
1059495558988161026
1069309429122809856
1069578188018384897
1028550336192147457
1054155952872660993
1052566440040120326
1056213197219418112
1059411270900895744
1099251607236165634
1056955934759702529
1055934635472052226
1100743528630636545
1099426872872579073
1026579175900164098
1054230694098915329
1052853885071589376
1100049579976855553
1057640870613270528
1098210738038919168
1039054285068230657
1083282173375991808
1052880314924584960
1099745704996683776
1093790239745806342
1054742337535000576
1087814518527479808
1057563847756840960
1068577307764379648
1079238607905439744
1096134978147139584
1078389347425140736
1099634997294579712
1084166265604898818
1098404069331402752
1090230231753998338
1057113715672342532
1076089755086012417
1098593088208027651
1057233422077313025
1052636159065481216
1078304255604412416
1058729987480715266
1034665218335490049
1083698692794826753
1072476913162182656
1059128384641490944
1079801673009324034
1098609956599853058
784709649002065921
1098625373229723650
1098669213152088065
1098720949103443968
783370193225388032
1075887478287069184
1079773651463999488
1078696291041988611
1079764352989687808
1054090438389436416
1093113961329897472
1092913400412286982
1052586755533299717
1095781825367195648
1052810416894738438
1076171235183218689
1078380400450437120
1082294590168842240
1054014411277402114
1063709481991892992
1098579071523586048
1063719318557519872
1078372900963475456
1095740384926412801
1052801763177164800
1056618398803681281
1095708164488605697
1098928293825441792
1053191889325907969
1088364587106385920
1090928730673999872
1063077734396637184
988379565679611906
1061202000925388800
1051904836793294848
1091323308455411712
1052307193821888512
1097541959911178241
1017021543140986880
1086349439843880965
1057743955293585408
1057919755020050432
1081608741970157568
989092900452683776
1076798346008895488
1063102443632910338
1087303309432631296
1060129732514189312
1096452194780483590
1051916672691507206
1075450077991366657
1097614677390098433
1076867979831332865
985554922400821248
1062729239655530496
1079123655467167744
1080952035736985601
1052151185904414720
1090884237165772800
1081182871811997696
1053473206970056705
1080925601362374656
1080227579704102913
1087024741985210368
1080388522899656704
1086662963946090497
1065413006883004421
1051931577482207232
1087064688171589632
1097162100374466562
1053687697431322624
1062616353230766080
1051512027557109760
1097939383041384448
1059839226311774210
1059844077397655553
1080539714896252929
1052280934781730817
1085656116200013825
1050825262773018625
1054851648869126144
1079210111598559233
1078023485887299589
1024771284851458049
1087476444719017990
1097107755012374533
1076946474674601984
1080542305935855617
933464677983637509
1054877713381646336
1067094298930438144
1060946386173214721
1050738467594997761
1062783357900210176
1066622321144811521
1053383055929303040
1053806555919998976
1078043565043957760
1059887572074332160
785528592000135168
784831722613448704
1053563143216087040
1075154110016557056
1075081857300094977
1078317421692444672
1078181559725740032
1100172570903625729
1057040209278365696
1075171060411195398
1052922594268209152
1075262269523673089
1058799577367789568
1082968369874300928
1057974551093624832
1075249934700564480
1075279782592548866
1077952535955152899
1058785970949144581
1091014689851621376
1075963230156189697
1077768472451534852
782590830552821760
1079746363749847040
1075086245980704769
1020332948569063425
1078385570181799936
1052971382378823680
1025672778425479168
1053047824097730563
1075524186318270469
1057723733362774016
1057420944963031040
971443018745212928
1028549565702651905
1028549124080250881
1022622278037790721
1075488159939452928
1053297072106102784
1058498763294232577
1024622277005115393
1027518560258547714
1053307320896274433
1057729853376684032
1074535332694110208
1063524080677208065
1053857820523880448
1081889802423808000
1058471403463282688
1062447278445813760
934216888426614785
1081928417434578944
1081927946057723905
1090470194240200705
1053356196982415362
972223595387785216
1063525602232283137
1090765396771291137
1079861438976540673
1033067881469276160
1058256545182445569
1073241921051447296
836280050567819264
1054091002645004289
1053479631733514245
1080227746888982528
1089768787136729088
1075437871358767105
1078267776144457728
840196913240649728
1074949566364114944
1058361632659832832
972481944981254145
1022053706194411520
841043106472562689
972416714305691649
1053985602956390400
1093055678237888512
1058318387301048320
1075459527888248832
1090234119676669953
863889909316284417
1090239779399180288
1057597864388554754
1052260255613083648
1070443571013148672
1096341518426750976
1079222037602807813
1055817626767843329
1098128415562100736
1059838880923443202
1097976637881118721
1090973780971843585
1054847701685129217
1085811857179459584
1097824153829343235
1051492928449863681
1076745098094956544
1076749514269175808
1054883936847970305
1051842640667443202
1051849697848111104
1087780214799822849
1085207339723079682
1055849608591613952
1054636406746812417
1078728374061805569
1052575352168411136
1076204324244598784
1088090749634310145
1054584695646613505
1078749136248283136
1098269584749219840
1098211173860868097
1055984161285128193
1098255175645626368
1059794781302411264
1076222209742553088
1052518554656944128
1055871332758511616
1052421381999222784
1055576210040860672
1098488566018121728
1055574712363868160
1097208668058136576
1055424249366827010
1052317275087405058
1052172877640929280
1079088426484420608
1079073331922567168
1052175785187004416
1052176784765149184
1052198556591898624
1087421086629736448
1052283605433638912
1097121918048759812
1052246006094544896
1060915857466015744
1052246147572670464
1096622734849785856
1097229314561576962
1052040202611507202
1076826904806739968
1051859438733283328
1052402976709599232
1055563014047498240
1051918880204120064
1061200378065272832
1055547094101057541
1051932042659794945
1051969772794064896
1097493618619748354
1060497131348185088
1052395997614231552
1097473739434921984
1097396492413952006
1086918597316919296
1047440275344433152
1055872203789496320
1054337851691880451
1083393160536051712
1095655031142006786
1083713475967438848
1064574651085533189
1056956889643266048
1052650796876255233
1056716806684073984
1056952435166642181
1098593217245859841
1056729367051730951
1083677961147035648
1083370614189162497
1078530704160550912
1094640396397756417
1079429147510886400
1056968918684889089
1052836481235079170
1056905070095335424
1098801848251670528
1056777267936931840
1098811565342683137
1078619668531826688
1088528819424804864
1052836272648192000
1059059777047855109
1055179739898494977
1076029364511244288
1052698081492226050
1054357704842665985
1056708088911159296
1077684657028771840
1064887339577688064
1083760957917143042
1052610594199822340
1047080957155729408
1098587806027386880
1077642720946995200
1083891454798229506
1056672032539070464
1070439644481970184
1046854733200347141
1089128403867848705
1079551601797419009
1058260466995146753
1075089607623090178
1075184108115017730
1060519846692171776
1079122499617599491
1060985771610390528
1059001064475766784
1075056220694827010
1070673221874302976
1062870426198597637
1076963487396646913
1060976582293143553
1075166435691778048
1078374334652182530
1058287763382923264
1078950595694903296
1080579736550690816
1058027762693365761
1075069913096695809
1059003740655624192
1075117215366684674
1063887118232096770
1062932057482018816
1079072419212656641
1058128151581286405
1060863713119535104
1077194045938647041
1058130070399795203
1078371388073959424
1075984206432481280
1060703537632567296
1070744389927006208
1058851335045632007
1064273071484354560
1075083132380954625
1066699723225120769
1061714814282752001
1058128071255969792
1077220993767223296
1078209526736728064
1079048158678863875
1061766788877373446
1073442252985380864
1074999026410553344
1058711912622514182
1070499658504568832
1059134825293144065
1059808366900506624
1062445885882335232
1068443387651661825
1075670169173647360
1075779088403460096
1063524576049750016
1059663664654024704
1065197458068815872
1076214291244728322
1070099742355378178
1079394564505427968
1069585395808182272
1073282196981526528
1069658674212282373
1069747583772430336
1069958200290656258
1075673157938307072
1077993783625728006
1058619170944925696
1079320297940156416
1076146667253043200
1059252214227582977
1075678158983094273
1075653907857195008
1075822190048604160
1078366385779032064
1079222036357148673
1058298574557986817
1076825905534783488
1079462552705351680
1065603947073888256
1058318873215295489
1079163998141063168
1079456646873735173
1059201720805457920
1077722374382989313
1063746943560560641
1078217346815279106
1071537042524438528
1063194960579739648
1074823373509685249
1063221790061879296
1061288271970480128
1058424067307520003
1079204110279294976
1064547029005885440
1076536811185410050
1079812311915716610
1076530817793515520
1061325948925173760
1073000547702226944
1078793096282943488
1077521680568893441
1084219180545646592
1055939879434100736
1050470595127697408
1093149280179769344
1083637675112964097
1098306932509675521
1093254241022607360
1098255178522914818
1093254767491645455
1056668329845383168
1083775516744843266
1050104200993091584
1050119133508063233
1098160512200830977
1087731820307849216
1051891603693035520
1055124686168883200
1051492596554629121
1055132894484746240
1087549405811490818
1055153934103273472
1056285373251403781
1093483259676233728
1055182195298590720
1087422340827213825
1084180542889869313
1052852815721361408
1056774747336400897
1083434230816931840
1098333232720941057
1048318290358149122
1044366920466800641
1098616651853881344
1083078015913996299
1098616373306187776
1044692356006588416
1053280887582941184
1056999345470496769
1098524979392643072
1098489114029146112
1056987322753810432
1056986758045462529
1087837520040087552
1056986168930246657
1092924730972155904
1054822674004959234
1047849665318797312
1093091451616067584
1053257375157809157
1053253480595505152
1056875729747673088
1056870199163609088
1098367809736847361
1087747982227894272
1094630064686125056
1055366375580073984
1098617859784302593
1052402206132097025
1096824474333335553
1095655038012264448
1052604995693101056
1052597439226621952
1055675923230527488
1086699237633609728
1085765128090501120
1095803741863923712
1055521187055460353
1085886691725008897
1052398494823006209
1055598162457608193
1087119772402237444
1085954655841075201
1096429040578244609
1052583425486585856
1086518650948014081
1096310088283942913
1086356356163080192
1086210768448749569
1055549049867264000
1095955255689469952
1096220326017392641
1086336536679981056
1055813572696162304
1095655035772563456
1085207342524887040
1085207337181343744
1097510716779708416
1056112079327903744
1051994129587154945
1052664947837157384
1097181135887585282
1052182777947463680
1052651556603084800
1052198403579568128
1089470595807481856
1052648442349146112
1052198746300264450
1055394237821394944
1087068303800049664
1052238674111299584
1052238716398374912
1096928183297949704
1095649275533578240
1095655033352404993
1052262464006615045
1085074602173386753
1096875884190011392
1052262697214054400
1085203663629492224
1092590984460935168
1053270849808199680
1054624713706680320
985161268058312705
1081593300832915461
1057740640614842383
1081653753734938624
1022463125403119616
970785348497362946
1081886000387747841
924767510154698752
920968167824019458
1090683058737557504
885725731900313600
1054272826419621888
1053691771790733312
843789428522995712
1054346108825145346
1053690249812103168
1098889110033436673
1057504342654230528
1053640987736764416
1082238181863555072
1057293471554433024
1053498701409386496
1057774411653242880
1057776821759082496
789110100585684992
1057795708080795649
1002120479883317248
1058012064755695616
1089598919116349441
1089469507247267840
1054078286232317953
1054068493623181312
1089467040753246208
1057928728683143169
1054038493784129541
1080918787908456448
1057917065758154752
1089371153175478273
1053989888939429888
988077604128378880
987297513974747136
986549050257428480
986146852746575874
1090147205850255360
1053976401458720768
1081285222925099008
1053931699208359937
1057266272247922688
1090883017256722432
1096173489260765184
1099769195162714113
1100523165564968972
1054456555163344896
1057082482661584896
1092059800937086976
1100449028137984001
1092268397306335232
784037542815408128
1082823210087927808
1092155263568801794
1053379212592271361
1057073365398122497
1057162415333355520
1098926251895472132
1057250680086368257
1099273785256091648
1092435569458712577
1088469566039224320
1092205193083699200
1053300373631500288
1099010582383079424
